test_data/elevation.txt
ncols         180
nrows         180
xllcorner     0
yllcorner     0
cellsize      20
NODATA_value  -9999
[rows 0 to 27 of 180, columns 64 to 127 of 180]
272,796 271,8816 270,9672 270,6624 270,9672 271,272 272,1864 273,7104 275,2344 277,368 279,5016 282,2448 284,6832 286,512 288,6456 291,084 295,3512 299,9232 304,4952 308,4576 311,8104 315,1632 318,2112 320,9544 323,088 325,2216 326,7456 328,2696 329,184 330,0984 330,4032 330,4032 330,0984 329,7936 328,8792 327,9648 326,7456 325,5264 324,0024 322,7832 321,2592 319,7352 318,2112 316,992 315,468 314,2488 313,0296 311,8104 310,5912 309,372 307,848 306,6288 305,4096 304,1904 302,9712 301,752 300,228 299,0088 298,0944 297,4848 296,5704 296,2656 295,9608 295,8084
272,796 271,8816 270,9672 270,3576 270,6624 271,272 271,8816 273,4056 275,2344 277,0632 279,5016 281,94 284,3784 286,512 288,6456 291,084 295,3512 299,9232 304,1904 308,1528 311,8104 315,1632 317,9064 320,6496 323,088 324,9168 326,7456 328,2696 329,184 330,0984 330,4032 330,4032 330,0984 329,7936 328,8792 327,9648 327,0504 325,5264 324,3072 323,088 321,564 320,04 318,516 316,992 315,7728 314,5536 313,3344 311,8104 310,5912 309,372 308,1528 306,9336 305,7144 304,4952 302,9712 301,752 300,5328 299,3136 298,3992 297,4848 296,8752 296,2656 295,9608 295,9608
273,1008 271,8816 270,6624 270,0528 270,0528 270,3576 270,9672 272,1864 274,0152 276,1488 278,5872 281,0256 283,7688 285,9024 288,3408 291,084 295,0464 299,3136 303,5808 307,2384 310,5912 313,944 316,992 319,7352 322,1736 324,3072 326,136 327,9648 329,184 330,0984 330,708 331,0128 330,708 330,708 329,7936 328,8792 327,66 326,4408 325,2216 324,0024 322,4784 320,9544 319,4304 317,9064 316,6872 315,1632 313,944 312,42 311,2008 309,9816 308,7624 307,5432 306,324 305,1048 303,8856 302,3616 301,1424 299,9232 299,0088 298,3992 297,4848 297,18 296,8752 296,5704
273,1008 271,8816 270,3576 269,4432 269,1384 269,1384 269,4432 270,9672 272,796 274,9296 277,368 280,1112 282,5496 285,5976 288,3408 291,3888 294,7416 298,704 302,3616 306,0192 309,372 312,7248 315,7728 318,516 320,9544 323,3928 325,5264 327,66 328,8792 330,0984 331,0128 331,3176 331,6224 331,3176 330,708 329,7936 328,8792 327,66 326,4408 324,9168 323,3928 321,8688 320,3448 319,1256 317,6016 316,0776 314,5536 313,3344 312,1152 310,896 309,372 308,1528 306,9336 305,7144 304,4952 303,276 302,0568 300,8376 299,9232 299,3136 298,3992 298,0944 297,7896 297,4848
273,4056 271,8816 270,3576 268,8336 268,5288 268,224 268,5288 269,748 271,5768 273,7104 276,1488 278,892 281,94 284,988 288,036 291,3888 294,7416 298,0944 301,4472 304,8 308,1528 311,5056 314,5536 317,2968 320,04 322,4784 324,9168 327,0504 328,8792 330,0984 331,3176 331,9272 332,232 332,232 331,6224 330,708 329,7936 328,5744 327,3552 326,136 324,612 323,088 321,564 320,04 318,516 316,992 315,468 314,2488 312,7248 311,5056 310,2864 309,0672 307,848 306,6288 305,4096 304,1904 302,9712 301,752 300,8376 300,228 299,3136 299,0088 298,704 298,3992
274,0152 272,1864 270,3576 268,8336 268,224 267,9192 267,9192 269,1384 270,6624 272,4912 275,2344 278,2824 281,3304 284,3784 287,7312 291,084 294,4368 297,4848 300,5328 303,8856 306,9336 310,2864 313,3344 316,0776 319,1256 321,564 324,3072 326,7456 328,5744 330,0984 331,6224 332,232 332,5368 332,5368 332,232 331,3176 330,4032 329,184 327,9648 326,7456 325,2216 323,6976 322,4784 320,9544 319,4304 317,9064 316,3824 314,8584 313,6392 312,42 310,896 309,6768 308,4576 307,5432 306,324 304,8 303,5808 302,3616 301,4472 300,8376 300,228 299,9232 299,6184 299,3136
274,32 272,4912 270,6624 268,8336 268,224 267,6144 267,3096 268,5288 269,748 271,5768 274,6248 277,6728 280,7208 284,0736 287,4264 290,7792 293,8272 297,18 300,228 302,9712 306,0192 308,7624 311,8104 314,8584 317,9064 320,6496 323,6976 326,136 328,2696 330,0984 331,6224 332,5368 332,8416 333,1464 332,5368 331,9272 331,0128 329,7936 328,5744 327,3552 325,8312 324,612 323,088 321,564 320,04 318,516 317,2968 315,7728 314,2488 313,0296 311,8104 310,5912 309,372 308,1528 306,9336 305,4096 303,8856 302,6664 302,0568 301,752 301,1424 300,8376 300,228 300,228
274,6248 272,796 270,6624 268,8336 267,9192 267,3096 267,0048 267,6144 269,1384 270,6624 273,7104 277,0632 280,416 283,7688 287,1216 290,4744 293,5224 296,5704 299,6184 302,0568 304,8 307,5432 310,5912 313,944 316,992 320,04 323,088 325,8312 327,9648 330,0984 331,9272 332,5368 333,1464 333,4512 332,8416 332,232 331,3176 330,0984 328,8792 327,66 326,136 324,9168 323,6976 322,1736 320,9544 319,4304 317,9064 316,3824 315,1632 313,944 312,42 311,2008 309,9816 308,7624 307,5432 306,324 304,4952 303,276 302,6664 302,3616 302,0568 301,4472 301,1424 300,8376
274,32 272,4912 270,3576 268,8336 267,6144 266,7 266,3952 267,0048 268,224 270,0528 272,796 276,1488 279,5016 282,8544 286,512 289,8648 292,9128 295,9608 299,0088 301,4472 303,8856 306,6288 309,9816 313,3344 316,6872 319,7352 322,7832 325,5264 327,9648 330,0984 331,6224 332,5368 332,8416 333,1464 332,8416 331,9272 331,0128 329,7936 328,5744 327,3552 326,136 325,2216 324,0024 322,4784 321,2592 319,7352 318,516 316,992 315,7728 314,5536 313,3344 312,1152 310,896 309,6768 308,4576 306,9336 305,4096 304,1904 303,5808 302,9712 302,3616 302,0568 301,4472 301,1424
273,7104 271,8816 270,0528 268,5288 267,3096 266,3952 265,7856 266,3952 267,6144 269,1384 271,8816 275,5392 278,892 282,2448 285,5976 288,9504 292,3032 295,656 298,704 301,1424 303,276 305,7144 309,0672 312,7248 316,0776 319,4304 322,7832 325,8312 327,9648 329,7936 331,6224 332,232 332,8416 332,8416 332,232 331,6224 330,708 329,4888 328,2696 327,0504 326,136 324,9168 324,0024 322,7832 321,2592 320,04 318,8208 317,6016 316,3824 315,1632 313,944 312,7248 311,5056 310,2864 309,0672 307,848 306,6288 305,4096 304,4952 303,5808 302,9712 302,3616 301,752 301,4472
273,1008 271,5768 269,748 268,224 267,0048 265,7856 265,176 265,7856 266,7 268,224 270,9672 274,32 277,9776 281,3304 284,6832 288,3408 291,6936 295,0464 298,0944 300,5328 302,6664 305,4096 308,7624 312,1152 315,7728 319,1256 322,4784 325,5264 327,66 329,4888 331,3176 331,9272 332,232 332,5368 331,9272 331,0128 330,0984 329,184 327,9648 326,7456 325,8312 324,9168 324,0024 322,7832 321,564 320,3448 319,1256 317,9064 316,992 315,7728 314,5536 313,3344 312,1152 310,896 309,6768 308,4576 307,5432 306,324 305,1048 304,1904 303,276 302,6664 302,0568 301,752
272,4912 270,9672 269,1384 267,6144 266,3952 265,4808 264,8712 265,176 265,7856 267,0048 269,748 273,1008 276,4536 280,1112 283,7688 287,1216 290,7792 294,132 297,4848 300,228 302,3616 305,1048 308,4576 312,1152 315,468 318,8208 322,1736 324,9168 327,0504 328,8792 330,4032 331,0128 331,6224 331,6224 331,0128 330,4032 329,4888 328,5744 327,3552 326,136 325,5264 324,612 323,6976 322,4784 321,564 320,3448 319,4304 318,2112 317,2968 316,0776 314,8584 313,6392 312,42 311,2008 310,2864 309,0672 308,1528 306,9336 305,7144 304,4952 303,276 302,6664 302,3616 301,752
271,8816 270,3576 268,8336 267,3096 266,0904 264,8712 264,2616 264,2616 264,8712 265,7856 268,5288 271,8816 275,2344 278,892 282,5496 286,2072 289,8648 293,2176 296,8752 299,6184 302,3616 305,1048 308,4576 312,1152 315,468 318,516 321,2592 324,0024 326,136 327,9648 329,4888 330,0984 330,708 330,708 330,4032 329,4888 328,5744 327,66 326,7456 325,8312 324,9168 324,3072 323,3928 322,4784 321,2592 320,3448 319,4304 318,516 317,2968 316,0776 314,8584 313,944 312,7248 311,5056 310,5912 309,6768 308,7624 307,5432 306,324 304,4952 303,276 302,6664 302,0568 301,752
271,272 270,0528 268,224 266,7 265,4808 264,5664 263,652 263,652 263,9568 264,8712 267,3096 270,6624 273,7104 277,368 281,3304 284,988 288,6456 292,608 295,9608 299,0088 302,0568 305,1048 308,4576 311,8104 315,1632 318,2112 320,6496 323,3928 325,2216 327,0504 328,5744 329,184 329,4888 329,7936 329,184 328,5744 327,9648 327,0504 326,136 325,2216 324,3072 323,6976 322,7832 321,8688 320,9544 320,04 319,1256 318,2112 317,2968 316,3824 315,1632 313,944 312,7248 311,8104 310,896 309,9816 309,0672 308,1528 306,6288 304,8 303,276 302,6664 302,0568 301,752
270,6624 269,4432 267,9192 266,3952 265,176 263,9568 263,0424 263,0424 263,0424 263,9568 266,3952 269,4432 272,4912 276,1488 280,1112 283,7688 287,7312 291,6936 295,3512 298,3992 301,1424 304,1904 307,848 311,2008 314,5536 317,6016 320,04 322,4784 324,3072 325,8312 327,0504 327,66 327,9648 328,2696 327,9648 327,3552 326,4408 325,8312 324,9168 324,0024 323,088 322,4784 321,8688 320,9544 320,04 319,1256 318,516 317,6016 316,992 315,7728 314,8584 313,6392 312,7248 311,8104 310,896 309,9816 309,0672 308,1528 306,6288 304,8 303,5808 302,9712 302,3616 301,752
270,0528 268,8336 267,3096 265,7856 264,5664 263,3472 262,4328 262,128 262,4328 263,0424 265,4808 268,224 271,272 274,9296 278,5872 282,5496 286,512 290,7792 294,4368 297,4848 300,5328 303,276 306,9336 310,5912 313,944 316,6872 319,4304 321,8688 323,3928 324,612 325,5264 326,136 326,4408 326,7456 326,4408 325,8312 325,2216 324,3072 323,3928 322,4784 321,8688 321,2592 320,3448 319,7352 318,8208 318,2112 317,6016 316,992 316,3824 315,468 314,2488 313,3344 312,42 311,5056 310,5912 309,6768 308,7624 307,848 306,324 305,1048 303,8856 303,276 302,3616 301,752
269,4432 268,224 266,7 265,176 263,9568 262,7376 261,8232 261,5184 261,8232 262,4328 264,2616 267,0048 269,748 273,4056 277,368 281,3304 285,5976 289,8648 293,8272 296,8752 299,6184 302,6664 306,0192 309,6768 313,0296 316,0776 318,516 320,9544 322,1736 323,088 323,6976 324,3072 324,612 324,9168 324,612 324,3072 323,6976 322,7832 321,8688 320,9544 320,3448 319,7352 319,1256 318,516 317,6016 316,992 316,3824 316,0776 315,468 314,8584 313,944 313,0296 312,1152 311,2008 310,5912 309,6768 308,4576 307,5432 306,324 305,4096 304,1904 303,276 302,6664 301,752
268,8336 267,6144 266,0904 264,5664 263,3472 262,4328 261,5184 261,4879 261,427 261,5184 263,3472 265,7856 268,5288 272,1864 276,1488 280,1112 284,3784 288,9504 292,9128 296,2656 299,3136 302,3616 305,7144 309,372 312,42 314,8584 317,2968 319,1256 320,3448 320,9544 321,8688 322,1736 322,7832 322,7832 322,7832 322,1736 321,8688 321,2592 320,3448 319,7352 318,8208 318,2112 317,2968 316,992 316,3824 316,0776 315,468 315,1632 314,5536 313,944 313,0296 312,42 311,8104 310,896 310,2864 309,372 308,4576 307,5432 306,324 305,4096 304,4952 303,5808 302,6664 301,752
268,5288 267,0048 265,4808 263,9568 263,0424 261,8232 261,4879 261,4574 261,366 261,427 262,4328 264,8712 267,3096 270,9672 274,9296 278,892 283,464 287,7312 291,9984 295,656 299,0088 302,3616 305,7144 308,7624 311,8104 313,944 315,468 316,992 318,2112 319,1256 319,7352 320,3448 320,3448 320,6496 320,3448 320,3448 319,7352 319,4304 318,8208 318,2112 317,2968 316,6872 315,7728 315,468 315,1632 314,8584 314,5536 313,944 313,3344 312,7248 312,42 311,8104 311,2008 310,5912 309,9816 309,0672 308,1528 307,2384 306,324 305,4096 304,4952 303,5808 302,6664 301,752
267,9192 266,3952 264,8712 263,652 262,4328 261,5184 261,427 261,3965 261,3355 261,3965 261,8232 264,5664 266,3952 269,748 273,7104 277,6728 282,2448 286,8168 291,084 295,0464 298,704 302,0568 305,1048 308,4576 311,2008 312,7248 314,2488 315,468 316,3824 317,2968 317,9064 318,2112 318,516 318,516 318,516 318,2112 317,9064 317,6016 317,2968 316,6872 315,7728 314,8584 313,944 313,944 313,6392 313,6392 313,3344 312,7248 312,1152 311,8104 311,5056 310,896 310,5912 309,9816 309,372 308,7624 307,848 307,2384 306,324 305,4096 304,8 303,8856 302,6664 301,752
267,3096 266,0904 264,8712 263,3472 262,4328 261,5184 261,366 261,3355 261,305 261,366 261,5184 264,2616 265,7856 269,1384 272,796 276,7584 281,3304 285,9024 290,4744 294,132 297,7896 301,4472 304,4952 307,5432 310,2864 311,8104 313,0296 314,2488 315,1632 315,7728 316,3824 316,6872 316,6872 316,6872 316,6872 316,3824 316,0776 315,7728 315,1632 314,5536 313,944 313,0296 312,1152 311,8104 312,1152 311,8104 311,5056 310,896 310,5912 310,2864 309,9816 309,6768 309,372 308,7624 308,4576 307,848 307,2384 306,6288 306,0192 305,1048 304,4952 303,5808 302,6664 301,752
267,0048 265,7856 264,5664 263,3472 262,4328 261,5184 261,427 261,366 261,305 261,2746 261,427 264,2616 265,176 268,5288 272,1864 275,844 280,416 284,988 289,56 293,5224 297,18 300,5328 303,5808 306,6288 309,372 310,896 312,1152 313,3344 313,944 314,5536 315,1632 315,1632 315,1632 315,1632 314,8584 314,5536 314,2488 313,944 313,0296 312,42 311,8104 310,896 309,9816 309,9816 309,9816 309,9816 309,6768 309,372 309,0672 308,7624 308,4576 308,1528 307,848 307,5432 307,2384 306,6288 306,324 305,7144 305,4096 304,8 304,1904 303,5808 302,6664 301,752
266,7 265,4808 264,5664 263,3472 262,4328 261,5184 261,366 261,3355 261,6403 260,604 261,2746 264,2616 264,8712 267,9192 271,272 274,9296 279,1968 283,7688 288,3408 292,3032 295,9608 299,6184 302,9712 306,0192 308,7624 309,9816 311,2008 312,42 313,0296 313,6392 313,944 313,944 313,6392 313,6392 313,3344 313,0296 312,7248 312,1152 311,2008 310,5912 309,6768 309,0672 308,4576 308,4576 308,4576 308,4576 308,1528 307,5432 307,2384 307,2384 306,9336 306,6288 306,324 306,324 306,0192 305,7144 305,4096 305,1048 304,4952 304,1904 303,8856 303,276 302,3616 301,4472
266,3952 265,4808 264,2616 263,3472 262,4328 261,5184 261,4879 261,427 261,366 261,2136 260,5735 260,7564 264,2616 267,0048 270,3576 273,7104 277,6728 281,94 286,2072 290,4744 294,4368 298,3992 302,0568 305,4096 308,4576 309,9816 310,896 311,8104 312,42 312,7248 313,0296 313,0296 312,7248 312,42 312,1152 311,8104 311,5056 310,896 310,2864 309,372 308,7624 308,1528 307,848 307,5432 307,5432 307,5432 306,9336 306,6288 306,0192 305,7144 305,4096 305,4096 305,1048 304,8 304,4952 304,1904 304,1904 303,8856 303,5808 303,276 302,9712 302,3616 301,752 301,1424
266,3952 265,176 264,2616 263,3472 262,4328 261,8232 261,5184 261,2136 261,1831 261,1831 260,543 260,7259 260,7564 266,3952 269,4432 272,4912 276,1488 279,8064 283,7688 288,036 292,608 296,8752 301,1424 305,1048 308,4576 309,6768 310,5912 311,2008 311,8104 312,1152 312,42 312,42 312,1152 311,8104 311,2008 310,896 310,2864 309,9816 309,372 308,7624 308,1528 307,848 307,5432 307,5432 307,2384 306,9336 306,324 305,4096 304,8 304,4952 304,1904 303,8856 303,5808 303,5808 303,276 302,9712 302,6664 302,3616 302,3616 302,0568 301,752 301,4472 300,8376 300,5328
266,3952 265,176 264,2616 263,3472 262,7376 261,8232 261,5184 261,2136 261,1831 260,7564 260,5126 260,6954 260,7564 265,7856 268,8336 271,5768 274,9296 278,2824 281,94 286,2072 291,084 295,656 299,9232 304,4952 308,1528 309,372 310,2864 310,896 311,2008 311,8104 311,8104 311,8104 311,2008 310,896 310,5912 309,9816 309,372 309,0672 308,4576 308,4576 307,848 307,5432 307,5432 307,2384 306,6288 306,324 305,4096 304,4952 303,8856 303,276 302,9712 302,6664 302,3616 302,0568 301,752 301,4472 301,4472 301,1424 301,1424 300,8376 300,8376 300,5328 300,228 299,9232
266,3952 265,4808 264,5664 263,652 262,7376 262,128 261,2136 261,1831 261,1526 260,7564 260,4821 260,665 260,7564 266,0904 268,8336 271,5768 274,9296 278,2824 281,94 285,9024 289,8648 294,132 298,3992 302,6664 304,9524 308,4576 309,9816 311,2008 311,5056 311,5056 311,2008 311,2008 310,896 310,5912 309,9816 309,372 309,0672 308,7624 308,4576 308,3052 307,848 307,5432 307,2384 306,9336 306,6288 306,0192 305,1048 304,1904 303,276 302,6664 302,0568 301,752 301,1424 300,8376 300,5328 300,228 299,9232 299,6184 299,6184 299,6184 299,6184 299,6184 299,6184 299,3136
266,7 265,7856 264,8712 263,652 263,0424 262,128 261,5184 261,366 260,7564 260,7259 260,4516 260,6345 260,7564 266,7 269,1384 271,8816 275,2344 278,892 282,2448 285,5976 288,9504 292,3032 296,2656 300,228 303,8856 306,9336 309,6768 311,5056 311,8104 311,2008 310,896 310,5912 310,2864 309,9816 309,6768 309,0672 308,7624 308,4576 308,3052 308,1528 307,848 307,5432 307,2384 306,9336 306,324 305,7144 304,8 303,8856 302,9712 302,0568 301,4472 300,8376 299,9232 299,6184 299,0088 298,704 298,3992 298,3992 298,3992 298,3992 298,3992 298,3992 298,704 299,0088
