test_data/elevation.txt
ncols         180
nrows         180
xllcorner     0
yllcorner     0
cellsize      20
NODATA_value  -9999
[rows 28 to 55 of 180, columns 0 to 63 of 180]
344,7288 344,424 343,2048 341,6808 340,4616 339,5472 338,6328 338,0232 337,1088 336,1944 335,28 334,3656 333,756 333,1464 332,5368 331,9272 331,6224 331,3176 331,3176 331,3176 331,3176 331,0128 331,3176 331,6224 332,232 329,184 328,2696 325,2216 323,088 321,8688 320,6496 319,4304 318,8208 318,2112 317,2968 315,7728 313,944 312,42 311,2008 309,9816 308,4576 306,9336 305,1048 303,276 301,1424 299,3136 297,4848 295,656 293,8272 291,9984 290,1696 288,6456 287,1216 285,9024 284,6832 283,1592 281,3304 279,1968 277,368 275,2344 273,4056 271,5768 270,0528 268,5288
344,7288 344,424 343,2048 341,9856 340,7664 339,852 339,2424 338,6328 337,7184 336,4992 335,5848 334,9752 334,6704 334,3656 334,0608 333,756 333,4512 334,0608 334,6704 335,5848 336,1944 336,4992 337,1088 338,328 338,6328 334,9752 333,1464 328,8792 324,9168 323,088 321,8688 320,6496 319,7352 319,1256 318,2112 316,6872 315,1632 313,6392 312,42 311,2008 309,6768 308,1528 306,6288 304,8 302,9712 301,1424 299,3136 297,18 295,3512 293,2176 291,6936 290,1696 288,9504 287,4264 286,2072 284,988 283,1592 281,0256 279,1968 277,0632 274,9296 273,1008 271,272 269,748
344,424 344,424 343,2048 342,2904 341,0712 340,4616 339,852 339,2424 338,0232 337,1088 336,1944 335,8896 335,5848 335,5848 335,5848 335,5848 335,8896 337,1088 338,6328 340,1568 341,6808 342,9 344,1192 343,5096 342,5952 338,6328 338,328 332,8416 327,0504 324,612 323,3928 321,8688 320,9544 319,7352 318,8208 317,6016 316,0776 314,5536 313,3344 312,1152 310,5912 309,372 307,848 306,324 304,4952 302,9712 301,1424 299,0088 296,5704 294,7416 293,2176 291,9984 290,7792 289,56 288,036 286,8168 284,988 283,1592 281,0256 278,892 276,7584 274,9296 272,796 270,9672
344,424 344,1192 343,2048 342,2904 341,376 340,7664 340,1568 339,5472 338,6328 337,4136 336,4992 336,4992 336,4992 336,804 336,804 337,1088 337,7184 339,5472 341,9856 344,424 346,2528 348,0816 348,996 345,948 343,8144 341,376 341,376 336,1944 329,184 325,8312 324,3072 323,088 321,564 320,3448 319,1256 317,9064 316,6872 315,468 314,2488 312,7248 311,2008 309,9816 308,7624 307,5432 306,0192 304,4952 302,6664 300,5328 298,0944 295,9608 294,7416 293,8272 292,608 291,3888 290,1696 288,6456 286,8168 284,988 283,1592 281,0256 278,5872 276,4536 274,6248 272,4912
344,1192 343,8144 343,2048 342,2904 341,376 340,7664 340,4616 339,852 338,9376 337,7184 336,804 337,1088 337,1088 337,4136 338,0232 338,328 339,2424 341,376 344,1192 346,5576 348,0816 349,6056 350,2152 348,0816 345,948 342,9 341,376 336,804 329,7936 326,4408 324,9168 323,3928 321,8688 320,6496 319,1256 317,9064 316,6872 315,468 313,944 312,7248 311,2008 310,2864 309,372 308,4576 307,2384 306,0192 304,1904 302,0568 299,9232 297,7896 296,5704 295,656 294,4368 293,2176 291,9984 290,4744 288,6456 286,512 284,6832 282,5496 280,416 278,2824 276,1488 274,0152
343,5096 343,5096 342,9 341,9856 341,376 340,7664 340,4616 339,852 338,9376 338,0232 337,4136 337,4136 338,0232 338,328 338,6328 339,2424 340,4616 342,5952 345,6432 348,0816 348,996 349,9104 350,52 350,2152 347,472 345,948 341,0712 336,4992 330,0984 327,0504 325,2216 323,3928 321,8688 320,3448 318,8208 317,6016 316,3824 315,1632 313,944 312,1152 310,896 310,2864 309,6768 309,0672 308,1528 307,2384 306,0192 303,8856 301,4472 299,6184 298,3992 297,4848 296,2656 295,0464 293,5224 292,3032 290,1696 288,3408 286,2072 284,0736 282,2448 280,1112 277,9776 275,844
343,2048 343,2048 342,5952 341,9856 341,376 340,7664 340,1568 339,852 338,9376 338,328 337,7184 338,0232 338,328 338,9376 339,5472 340,1568 341,376 343,8144 346,8624 349,3008 349,9104 349,9104 350,3676 350,2152 348,996 347,472 340,7664 336,4992 330,708 327,66 325,5264 323,6976 321,8688 320,3448 318,516 317,2968 316,3824 315,1632 313,6392 312,1152 310,5912 310,2864 309,9816 309,6768 309,0672 308,1528 307,2384 305,4096 303,276 301,1424 300,228 299,0088 298,0944 296,8752 295,3512 293,8272 291,9984 289,8648 288,036 285,9024 284,0736 282,2448 280,1112 277,6728
342,9 342,9 342,2904 341,376 340,7664 340,1568 339,852 339,2424 338,328 337,7184 337,4136 337,7184 338,328 338,6328 339,5472 340,4616 341,6808 344,1192 347,1672 349,6056 350,2152 350,2152 350,2762 350,0628 349,9104 347,472 340,4616 337,1088 331,6224 328,5744 326,136 324,0024 321,8688 320,04 318,2112 316,992 316,0776 314,8584 313,6392 312,1152 310,896 310,2864 310,2864 309,9816 309,372 308,7624 307,848 306,324 304,4952 302,9712 301,752 300,8376 299,9232 298,704 297,18 295,656 293,8272 291,9984 290,1696 288,3408 286,8168 285,2928 283,1592 281,0256
342,5952 342,2904 341,6808 341,0712 340,1568 339,5472 338,9376 338,328 337,7184 337,1088 336,804 337,1088 338,0232 338,6328 339,5472 340,4616 341,6808 344,1192 347,1672 349,6056 350,2152 350,2152 350,2152 350,2152 349,3008 345,948 340,1568 338,0232 332,8416 329,4888 326,7456 324,3072 321,8688 319,7352 317,6016 316,6872 315,7728 314,5536 313,3344 312,1152 311,2008 310,896 310,5912 310,5912 309,9816 309,0672 308,1528 306,9336 305,4096 304,1904 303,5808 302,6664 301,752 300,5328 299,0088 297,4848 295,9608 294,132 292,608 291,084 289,8648 288,3408 286,512 284,3784
342,2904 341,9856 341,376 340,4616 339,5472 338,9376 338,328 337,7184 337,1088 336,4992 336,1944 336,4992 337,4136 338,0232 338,9376 339,852 341,376 343,8144 346,5576 348,6912 349,6056 349,6056 349,6056 348,996 347,7768 345,3384 339,852 338,6328 333,4512 330,0984 327,3552 324,3072 321,8688 319,4304 317,2968 316,0776 315,468 314,5536 313,3344 312,1152 311,2008 311,2008 311,2008 310,896 310,2864 309,372 308,4576 307,5432 306,6288 305,7144 305,1048 304,4952 303,8856 302,6664 301,1424 299,6184 298,0944 296,5704 295,0464 294,132 292,9128 291,6936 289,8648 288,036
341,0712 341,0712 340,4616 339,5472 338,9376 338,328 337,4136 336,804 336,1944 335,5848 335,28 335,5848 336,1944 336,804 337,7184 338,328 339,852 341,6808 344,1192 345,948 346,5576 346,8624 346,8624 346,8624 346,5576 342,5952 339,5472 337,4136 333,1464 330,0984 327,3552 324,612 321,8688 319,4304 316,992 315,7728 315,1632 314,2488 313,3344 312,1152 311,5056 311,3532 311,2008 311,2008 310,5912 309,9816 309,372 308,7624 307,848 307,5432 306,9336 306,6288 306,0192 304,8 303,5808 302,0568 300,8376 299,9232 298,704 297,4848 296,2656 295,0464 293,5224 291,9984
340,1568 339,852 339,5472 338,9376 338,328 337,4136 336,804 335,8896 335,28 334,6704 334,3656 334,3656 334,9752 335,28 336,1944 336,804 337,7184 339,2424 340,7664 342,2904 342,9 343,2048 343,5096 343,5096 342,9 341,9856 339,2424 335,8896 332,5368 329,7936 327,3552 324,612 321,8688 319,1256 316,6872 315,7728 314,8584 313,944 313,0296 312,1152 311,8104 311,5056 311,3532 311,2008 310,896 310,5912 309,9816 309,6768 309,372 309,0672 308,7624 308,7624 308,4576 307,2384 306,324 305,1048 304,1904 303,276 302,3616 301,1424 299,9232 298,3992 297,18 295,656
338,9376 338,9376 338,6328 338,0232 337,4136 336,804 335,8896 335,28 334,3656 333,756 333,4512 333,4512 333,756 334,0608 334,3656 335,28 335,8896 336,804 338,0232 338,9376 339,5472 339,852 340,1568 340,1568 339,5472 338,6328 336,4992 334,0608 331,6224 329,184 327,0504 324,612 322,1736 319,1256 316,6872 315,468 314,8584 313,944 313,0296 312,1152 311,658 311,597 311,5361 311,5056 311,2008 310,896 310,896 310,5912 310,5912 310,5912 310,5912 310,5912 310,2864 309,6768 308,7624 307,848 307,2384 306,6288 305,7144 304,4952 303,276 302,0568 300,8376 299,6184
338,0232 338,0232 337,7184 337,1088 336,804 336,1944 335,28 334,3656 333,756 333,1464 332,8416 332,5368 332,5368 332,8416 333,1464 333,4512 334,0608 334,6704 335,28 336,1944 336,4992 337,1088 337,4136 337,1088 336,804 336,1944 334,3656 332,5368 330,708 328,5744 326,7456 324,612 322,1736 319,7352 317,2968 316,0776 315,1632 314,2488 313,0296 312,1152 311,658 311,597 311,4751 311,4446 311,3532 311,5056 311,5056 311,5056 311,8104 311,8104 311,8104 311,8104 311,8104 311,2008 310,5912 309,9816 309,372 309,0672 308,4576 307,5432 306,324 305,1048 304,1904 302,9712
337,1088 337,1088 336,804 336,4992 335,8896 335,28 334,6704 333,756 333,1464 332,5368 332,232 331,9272 331,6224 331,6224 331,6224 331,9272 332,232 332,5368 333,1464 333,4512 334,0608 334,3656 334,6704 334,3656 334,0608 333,4512 332,5368 331,0128 329,7936 327,9648 326,136 324,3072 322,4784 320,3448 318,2112 316,992 315,7728 314,5536 313,3344 312,42 311,8104 311,5056 311,5056 311,4751 311,5056 311,8104 311,8104 312,42 312,7248 313,0296 313,0296 313,0296 312,7248 312,42 312,1152 311,8104 311,5056 311,2008 310,896 310,2864 309,372 308,4576 307,5432 306,324
336,1944 336,1944 335,8896 335,5848 335,28 334,6704 333,756 333,1464 332,5368 331,9272 331,6224 331,3176 330,708 330,4032 330,4032 330,4032 330,4032 330,708 331,0128 331,3176 331,3176 331,6224 331,9272 331,6224 331,3176 331,0128 330,4032 329,4888 328,2696 327,0504 325,5264 324,0024 322,1736 320,3448 318,516 317,2968 315,7728 314,5536 313,3344 312,42 311,8104 311,5056 311,5056 311,5056 311,8104 312,1152 312,42 313,0296 313,6392 313,944 313,944 313,944 313,6392 313,6392 313,3344 313,3344 313,3344 313,3344 313,0296 312,7248 312,1152 311,5056 310,5912 309,0672
335,28 334,9752 334,9752 334,6704 334,3656 333,756 333,1464 332,232 331,9272 331,3176 330,708 330,4032 329,7936 329,4888 329,184 329,184 328,8792 328,8792 328,8792 329,184 329,184 329,184 329,184 328,8792 328,5744 328,2696 327,3552 326,7456 325,8312 324,612 323,3928 322,1736 320,6496 319,1256 317,6016 316,0776 314,8584 313,6392 312,7248 311,8104 311,2008 311,2008 311,2008 311,2008 311,5056 312,1152 312,7248 313,3344 313,944 314,5536 314,5536 314,5536 314,2488 314,5536 314,5536 314,8584 314,8584 314,8584 314,5536 314,5536 314,2488 313,6392 312,42 311,2008
334,3656 334,0608 333,756 333,4512 333,1464 332,8416 332,232 331,6224 331,0128 330,4032 330,0984 329,4888 328,8792 328,2696 327,9648 327,9648 327,66 327,3552 327,0504 327,0504 326,7456 326,7456 326,4408 326,136 325,5264 325,2216 324,612 323,6976 322,7832 321,8688 320,9544 319,7352 318,516 317,2968 316,0776 314,8584 313,6392 312,42 311,5056 310,896 310,5912 310,5912 310,5912 310,896 311,5056 312,1152 312,7248 313,3344 313,944 314,5536 314,8584 314,8584 315,1632 315,1632 315,468 315,7728 316,0776 316,0776 316,0776 316,0776 315,7728 315,468 314,2488 313,0296
333,4512 333,1464 333,1464 332,8416 332,5368 331,9272 331,3176 331,0128 330,4032 329,7936 329,4888 328,8792 328,2696 327,66 327,0504 326,7456 326,4408 325,8312 325,5264 324,9168 324,612 324,3072 323,6976 323,3928 322,7832 322,1736 321,564 320,9544 320,04 319,1256 318,516 317,6016 316,6872 315,468 314,5536 313,3344 312,1152 311,2008 310,5912 309,9816 309,6768 309,6768 309,9816 310,2864 311,2008 312,1152 312,7248 313,3344 313,944 314,5536 314,8584 315,1632 315,7728 316,0776 316,3824 316,6872 316,992 317,2968 317,2968 317,2968 317,2968 316,6872 315,7728 314,8584
333,1464 332,8416 332,5368 332,5368 332,232 331,6224 331,3176 330,708 330,0984 329,7936 329,184 328,5744 327,9648 327,3552 326,7456 326,136 325,5264 324,612 324,0024 323,3928 322,7832 322,1736 321,564 320,9544 320,04 319,4304 318,8208 317,9064 317,2968 316,6872 316,0776 315,468 314,5536 313,6392 312,7248 311,8104 310,5912 309,9816 309,372 309,0672 308,7624 309,0672 309,0672 309,6768 310,2864 311,2008 312,1152 313,0296 313,6392 314,2488 314,8584 315,468 315,7728 316,3824 316,6872 317,2968 317,6016 317,9064 317,9064 317,9064 317,9064 317,2968 316,3824 315,468
332,8416 332,8416 332,5368 332,232 331,9272 331,6224 331,0128 330,708 330,4032 329,7936 329,184 328,5744 327,9648 327,0504 326,4408 325,5264 324,612 323,6976 322,7832 321,8688 320,9544 320,3448 319,4304 318,516 317,6016 316,6872 316,0776 315,468 314,8584 314,2488 313,6392 313,0296 312,42 311,5056 310,5912 309,9816 309,0672 308,4576 308,1528 307,848 307,848 307,848 308,4576 308,7624 309,6768 310,5912 311,5056 312,42 313,3344 313,944 314,8584 315,468 316,0776 316,3824 316,992 317,6016 317,9064 318,2112 318,2112 318,2112 318,2112 317,6016 316,6872 315,7728
332,6892 332,5368 332,232 332,232 331,9272 331,3176 331,0128 330,708 330,0984 329,7936 329,184 328,5744 327,9648 327,0504 326,136 325,2216 324,0024 323,088 321,8688 320,6496 319,7352 318,516 317,6016 316,6872 315,468 314,5536 313,6392 312,7248 312,1152 311,8104 311,2008 310,896 310,2864 309,372 308,7624 308,1528 307,5432 306,9336 306,9336 306,6288 306,6288 306,9336 307,2384 307,848 308,7624 309,6768 310,5912 311,5056 312,7248 313,6392 314,5536 315,1632 315,7728 316,6872 316,992 317,6016 318,2112 318,516 318,516 318,516 318,2112 317,9064 316,992 315,7728
332,5368 332,5368 332,232 331,9272 331,6224 331,3176 330,708 330,4032 330,0984 329,4888 329,184 328,5744 327,66 327,0504 326,136 324,9168 324,0024 322,7832 321,564 320,3448 319,1256 317,9064 316,6872 315,468 314,2488 313,0296 311,8104 310,896 309,6768 309,372 309,0672 308,7624 308,1528 307,5432 306,9336 306,324 305,7144 305,4096 305,4096 305,1048 305,4096 305,4096 305,7144 306,324 307,2384 308,1528 309,372 310,5912 311,8104 312,7248 313,6392 314,5536 315,468 316,0776 316,6872 317,2968 317,9064 318,2112 318,2112 318,2112 317,9064 317,6016 316,6872 315,468
332,3844 332,5368 332,232 331,6224 331,3176 331,0128 330,4032 330,0984 329,7936 329,184 328,5744 328,2696 327,66 327,0504 325,8312 324,9168 323,6976 322,7832 321,8688 320,6496 319,1256 317,6016 316,3824 314,8584 313,6392 312,1152 310,5912 308,7624 307,5432 306,9336 306,6288 306,324 306,0192 305,4096 305,1048 304,4952 304,1904 303,8856 303,5808 303,8856 303,8856 303,8856 304,1904 304,4952 305,7144 306,9336 308,1528 309,372 310,5912 311,8104 312,7248 313,6392 314,5536 315,468 316,3824 316,992 317,2968 317,6016 317,9064 317,6016 317,6016 316,992 316,0776 314,8584
332,3235 332,5368 331,9272 331,6224 331,0128 330,708 330,0984 329,7936 329,184 328,8792 328,2696 327,66 327,3552 326,7456 325,8312 324,612 323,3928 322,4784 321,564 320,3448 319,1256 317,2968 315,7728 314,2488 312,7248 311,2008 309,372 307,2384 305,7144 305,1048 304,8 304,4952 304,1904 303,8856 303,276 302,9712 302,6664 302,3616 302,3616 302,3616 302,3616 302,6664 302,6664 302,9712 304,1904 305,4096 306,9336 308,1528 309,6768 310,896 311,8104 312,7248 313,944 314,8584 315,7728 316,3824 316,992 317,2968 317,2968 317,2968 316,992 316,3824 315,1632 313,944
332,5368 332,232 331,9272 331,3176 330,708 330,0984 329,7936 329,184 328,5744 328,2696 327,66 327,0504 326,4408 325,8312 324,612 323,3928 322,1736 321,2592 320,3448 319,4304 317,9064 316,6872 315,1632 313,3344 311,8104 309,9816 308,1528 306,324 304,8 304,1904 303,8856 303,276 302,9712 302,6664 302,0568 301,752 301,4472 301,1424 300,8376 301,1424 301,1424 301,4472 301,4472 302,0568 302,9712 304,4952 305,7144 306,9336 308,4576 309,6768 310,896 311,8104 313,0296 313,944 314,8584 315,7728 316,0776 316,3824 316,3824 316,0776 315,7728 315,1632 314,2488 312,7248
332,5368 332,232 331,6224 331,0128 330,4032 329,7936 329,184 328,5744 328,2696 327,66 327,0504 326,4408 325,5264 324,612 323,3928 322,1736 320,9544 319,7352 318,8208 317,9064 316,6872 315,7728 314,5536 312,7248 310,5912 308,7624 307,2384 305,7144 304,4952 303,8856 302,9712 302,3616 302,0568 301,4472 301,1424 300,5328 300,228 299,9232 299,9232 299,6184 299,9232 300,228 300,5328 301,1424 302,0568 303,276 304,4952 305,7144 306,9336 308,4576 309,6768 310,896 311,8104 313,0296 313,944 314,5536 315,1632 315,468 315,468 315,1632 314,5536 313,944 312,7248 311,5056
332,5368 332,232 331,6224 331,0128 330,0984 329,4888 328,8792 327,9648 327,66 327,0504 326,7456 325,8312 324,612 323,6976 322,4784 320,9544 319,7352 318,516 317,6016 316,3824 315,7728 314,8584 313,6392 311,8104 309,6768 307,5432 306,324 305,1048 304,1904 303,276 302,6664 301,752 301,1424 300,5328 300,228 299,6184 299,3136 299,0088 298,704 298,704 298,704 299,0088 299,6184 299,9232 300,8376 302,0568 302,9712 304,4952 305,7144 307,2384 308,4576 309,6768 310,896 311,8104 312,7248 313,6392 313,944 314,2488 314,2488 313,944 313,3344 312,7248 311,5056 310,2864
