test_data/elevation.txt
ncols         180
nrows         180
xllcorner     0
yllcorner     0
cellsize      20
NODATA_value  -9999
[rows 140 to 167 of 180, columns 64 to 127 of 180]
300,5328 300,3804 300,228 300,228 300,228 299,9232 299,9232 299,9232 299,9232 299,9232 299,9232 299,6184 299,3136 299,0088 298,3992 297,7896 297,18 296,2656 295,656 294,7416 293,5224 292,608 291,9984 291,6936 291,084 290,7792 290,4744 290,1696 290,1696 289,8648 289,8648 289,56 289,56 288,798 289,2552 289,2552 288,9504 288,9504 288,6456 288,9504 289,2552 288,4932 288,4627 288,4323 288,4627 288,6456 288,9504 288,9504 289,2552 289,56 289,56 289,8648 289,8648 290,0172 290,0172 289,8648 289,56 289,56 289,2552 288,9504 288,9504 288,6456 288,6456 288,3408
300,8376 300,5328 300,228 299,9232 299,6184 299,6184 299,6184 299,6184 299,6184 299,6184 299,3136 299,3136 299,0088 298,704 298,0944 297,7896 296,8752 296,2656 295,656 294,7416 293,5224 292,608 291,9984 291,3888 290,7792 290,4744 290,1696 289,8648 289,8648 289,8648 289,7124 289,7124 288,9504 289,56 289,56 289,56 289,56 289,2552 289,2552 289,2552 289,4076 289,2552 288,6456 288,6456 288,4018 288,4932 288,6456 288,9504 289,2552 289,2552 289,56 289,56 289,8648 289,8648 289,9258 289,8648 289,5295 289,56 289,2552 289,2552 289,2552 288,9504 288,9504 288,9504
301,1424 300,5328 300,228 299,6184 299,3136 299,3136 299,0088 299,0088 299,0088 299,0088 299,0088 298,704 298,704 298,3992 297,7896 297,4848 296,8752 296,2656 295,3512 294,4368 293,5224 292,608 291,9984 291,3888 290,7792 290,1696 290,0172 289,8648 289,7124 289,56 289,56 289,56 289,2552 289,56 289,7124 292,4556 289,8648 289,56 289,56 289,56 289,56 289,4076 289,1028 288,6456 288,6456 288,3713 288,6456 288,6456 288,9504 289,2552 289,2552 289,56 289,56 289,8648 289,8648 289,8648 289,499 289,56 289,56 289,56 289,56 289,2552 289,2552 289,2552
301,1424 300,5328 299,9232 299,6184 299,3136 299,0088 298,704 298,704 298,3992 298,3992 298,3992 298,0944 298,0944 297,7896 297,18 296,8752 296,2656 295,656 295,0464 294,4368 293,5224 292,608 291,9984 291,3888 290,7792 290,4744 290,1696 289,8648 289,56 289,499 289,4686 289,4076 289,4076 289,56 289,8648 289,8648 290,1696 289,8648 289,8648 289,8648 289,56 289,56 289,2552 288,9504 288,6456 288,6456 288,3408 288,4932 288,9504 288,9504 289,2552 289,2552 289,56 289,56 289,8648 289,7429 289,4686 289,4686 289,499 289,5295 289,8648 289,56 289,56 289,56
301,1424 300,5328 299,9232 299,3136 299,0088 298,704 298,3992 298,0944 298,0944 297,7896 297,7896 297,4848 297,18 296,8752 296,5704 296,2656 295,656 295,3512 294,7416 294,132 293,2176 292,608 291,9984 291,3888 291,084 290,4744 290,1696 289,8648 289,7124 289,56 289,499 289,4381 289,56 289,621 289,8648 290,1696 290,1086 290,1696 290,1696 290,1696 289,8648 289,8648 289,56 289,2552 288,9504 288,798 288,4323 288,3103 288,6456 288,9504 288,9504 289,2552 289,2552 289,56 289,56 289,6819 289,4381 289,5295 289,56 289,8648 289,8648 289,8648 289,8648 289,8648
301,1424 300,5328 299,9232 299,3136 299,0088 298,704 298,2468 298,0944 297,7896 297,4848 297,18 296,8752 296,5704 296,2656 295,9608 295,656 295,3512 294,7416 294,4368 293,8272 293,2176 292,608 291,9984 291,6936 291,084 290,7792 290,1696 289,8648 289,8648 289,7124 289,56 289,5295 289,56 289,6514 289,8648 290,1086 290,4744 290,4744 290,4744 290,4744 290,1696 290,1696 289,8648 289,56 288,9504 288,6456 288,4932 288,4018 288,2798 288,3408 288,798 288,9504 289,2552 289,2552 289,56 289,56 289,3466 289,56 289,8648 289,8648 290,1696 290,1696 290,1696 290,1696
301,4472 300,8376 300,228 299,6184 299,0088 298,704 298,3992 298,0944 297,7896 297,4848 297,18 296,5704 296,2656 295,9608 295,656 295,3512 295,0464 294,4368 294,132 293,5224 293,2176 292,608 291,9984 291,6936 291,084 290,7792 290,4744 290,1696 289,8648 289,8648 289,7124 289,56 289,5905 289,7124 289,7124 290,1696 290,4744 290,5354 290,5354 290,4744 290,4744 290,1696 290,1696 289,56 289,2552 288,9504 288,6456 288,4932 288,6456 288,2494 288,6456 288,6456 288,6456 288,9504 289,2552 289,2552 289,2552 289,2552 289,56 289,8648 290,1696 290,322 290,4744 290,4744
301,4472 300,8376 300,228 299,9232 299,3136 298,704 298,3992 298,0944 297,7896 297,4848 296,8752 296,5704 295,9608 295,656 295,3512 295,0464 294,7416 294,132 293,8272 293,5224 292,9128 292,608 292,3032 291,6936 291,3888 290,7792 290,4744 290,1696 290,1696 289,8648 289,7124 289,6819 289,6514 289,7124 289,8648 290,1696 290,4744 290,6268 290,6268 290,7792 290,4744 290,4744 290,1696 289,8648 289,56 288,9504 288,9504 288,6456 288,6456 288,3408 288,2189 288,4018 288,3408 288,6456 288,6456 288,9504 288,9504 289,2552 289,56 289,8648 290,1696 290,4744 290,4744 290,7792
301,4472 300,8376 300,5328 299,9232 299,6184 299,0088 298,3992 298,0944 297,7896 297,4848 296,8752 296,5704 295,9608 295,3512 295,0464 294,7416 294,4368 294,132 293,5224 293,2176 292,9128 292,608 292,3032 291,6936 291,3888 291,084 290,4744 290,4744 290,1696 289,8648 289,7124 289,7124 289,7124 289,8648 289,8648 290,1696 290,4744 290,6268 290,7182 290,7792 290,7792 290,4744 290,4744 290,1696 289,56 289,2552 288,9504 288,6456 288,4932 288,3408 288,2798 288,1884 288,2798 288,3408 288,3408 288,6456 288,6456 288,9504 289,2552 289,8648 290,1696 290,4744 290,7792 291,084
301,4472 301,1424 300,8376 300,5328 300,228 299,6184 299,0088 298,704 298,3992 298,0944 297,4848 296,8752 295,9608 295,656 295,3512 295,0464 294,4368 294,132 293,5224 293,2176 292,9128 292,608 292,3032 291,9984 291,6936 291,3888 291,084 290,7792 290,4744 290,1696 289,8648 289,8648 289,8648 289,8648 290,1696 290,1696 290,4744 290,7792 290,8401 290,7792 290,7792 290,6268 290,4744 290,1696 289,8648 289,56 289,2552 288,9504 288,6456 288,3408 288,2494 288,2189 288,1579 288,2189 288,3408 288,3408 288,6456 288,6456 289,2552 289,56 289,8648 290,1696 290,4744 290,7792
301,4472 301,1424 301,1424 301,1424 300,8376 300,228 299,9232 299,6184 299,0088 298,704 298,0944 297,18 296,5704 295,9608 295,656 295,0464 294,7416 294,132 293,8272 293,5224 293,2176 292,9128 292,3032 291,9984 291,6936 291,6936 291,3888 291,084 290,7792 290,4744 290,1696 290,1696 290,1696 290,1696 290,1696 290,4744 290,6268 290,7792 290,8706 290,9011 290,8401 290,7792 290,4744 290,4744 290,1696 289,8648 289,56 289,2552 288,6456 288,6456 288,3408 288,2798 288,2189 288,1274 288,2189 288,3408 288,3408 288,6456 288,9504 289,2552 289,8648 290,1696 290,4744 290,7792
301,4472 301,4472 301,752 302,0568 301,752 301,1424 300,5328 300,228 299,9232 299,3136 298,704 297,7896 296,8752 296,5704 295,9608 295,656 295,0464 294,4368 293,8272 293,5224 293,2176 292,9128 292,608 292,3032 291,9984 291,6936 291,6936 291,3888 291,084 290,7792 290,4744 290,4744 290,4744 290,4744 290,4744 290,4744 290,7792 290,9316 290,9621 291,084 290,9316 290,7792 290,7792 290,7792 290,4744 290,1696 289,8648 289,56 288,9504 288,9504 288,6456 288,3408 288,3408 288,2189 288,097 288,1884 288,3408 288,3408 288,6456 288,9504 289,56 289,8648 290,1696 290,4744
305,4096 304,1904 302,6664 302,9712 302,3616 302,0568 301,4472 301,1424 300,8376 300,228 299,3136 298,3992 297,4848 297,18 296,5704 296,2656 295,656 295,0464 294,4368 294,132 293,5224 293,2176 292,9128 292,608 292,3032 291,9984 291,6936 291,6936 291,3888 291,084 290,7792 290,7792 290,7792 290,7792 290,7792 291,084 291,084 291,084 291,084 291,145 291,084 291,084 291,3888 291,084 290,7792 290,4744 290,1696 289,8648 289,56 289,2552 288,9504 288,9504 288,6456 288,3408 288,3408 288,0665 288,1884 288,036 288,3408 288,6456 288,9504 289,2552 289,56 289,8648
305,7144 305,4096 305,1048 303,8856 303,276 302,9712 302,3616 302,0568 301,752 301,1424 300,228 299,3136 298,0944 297,7896 297,4848 296,8752 296,2656 295,656 295,0464 294,4368 294,132 293,5224 293,2176 292,9128 292,3032 292,3032 291,9984 291,6936 291,6936 291,3888 291,3888 291,3888 291,084 291,084 291,3888 291,3888 291,3888 291,3888 291,3888 291,3888 291,3888 291,6936 291,6936 291,3888 291,084 290,7792 290,4744 290,4744 290,1696 289,8648 289,56 289,2552 288,9504 288,6456 288,4932 288,3408 288,036 287,8836 288,036 288,036 288,3408 288,6456 288,9504 289,56
305,7144 305,4096 305,1048 304,8 304,1904 303,8856 303,276 302,9712 302,6664 302,3616 301,1424 300,228 299,0088 298,3992 298,0944 297,7896 297,18 296,5704 295,656 295,0464 294,4368 294,132 293,5224 293,2176 292,9128 292,608 292,3032 291,9984 291,9984 291,6936 291,6936 291,6936 291,6936 291,6936 291,6936 291,9984 291,9984 291,9984 291,9984 291,6936 291,9984 292,3032 292,3032 291,9984 291,6936 291,3888 291,084 291,084 290,7792 290,4744 290,1696 289,8648 289,56 289,2552 288,6456 288,3408 288,036 287,7312 287,7312 287,7312 287,7312 288,036 288,3408 288,9504
304,6476 306,324 306,0192 305,7144 305,4096 304,8 304,4952 304,4952 304,1904 303,8856 302,6664 301,4472 300,228 299,6184 299,3136 298,704 298,0944 297,18 296,5704 295,9608 295,3512 294,7416 294,132 293,8272 293,5224 293,2176 292,9128 292,608 292,3032 292,3032 292,3032 292,3032 292,3032 292,3032 292,3032 292,608 292,9128 292,9128 292,608 292,608 292,9128 292,9128 293,2176 292,9128 292,3032 291,9984 291,9984 291,6936 291,6936 291,3888 291,084 290,4744 290,1696 289,8648 289,2552 288,6456 288,3408 287,7312 287,4264 287,4264 287,4264 287,4264 287,7312 288,036
307,5432 307,2384 306,9336 306,6288 306,324 306,0192 305,7144 305,7144 305,7144 305,4096 304,1904 302,6664 301,4472 300,8376 300,228 299,6184 299,0088 298,3992 297,4848 296,8752 296,2656 295,656 295,0464 294,7416 294,132 293,8272 293,5224 293,2176 292,9128 292,9128 292,9128 292,9128 292,9128 293,2176 293,2176 293,5224 293,8272 293,8272 293,5224 293,5224 293,8272 293,8272 294,132 293,8272 293,2176 292,9128 292,9128 292,608 292,608 292,3032 291,6936 291,3888 290,7792 290,4744 289,8648 289,2552 288,3408 287,7312 287,4264 287,1216 286,8168 286,8168 287,1216 287,1216
308,1528 308,1528 307,848 307,5432 307,2384 307,2384 306,9336 306,9336 306,9336 306,6288 305,4096 304,1904 302,6664 302,0568 301,4472 300,8376 299,9232 299,3136 298,3992 297,7896 297,18 296,5704 295,9608 295,656 295,0464 294,4368 294,132 293,8272 293,5224 293,5224 293,5224 293,5224 293,8272 293,8272 294,132 294,4368 294,4368 294,4368 294,4368 294,4368 294,4368 294,7416 294,7416 294,4368 294,132 293,8272 293,8272 293,5224 293,2176 292,9128 292,608 291,9984 291,6936 291,084 290,4744 289,56 288,6456 288,036 287,4264 286,8168 286,512 286,4815 286,512 286,512
308,7624 308,7624 308,4576 308,4576 308,1528 307,848 307,848 307,848 307,5432 307,2384 306,324 305,1048 303,8856 302,9712 302,3616 301,752 301,1424 300,228 299,6184 298,704 298,0944 297,4848 296,8752 296,5704 295,9608 295,3512 295,0464 294,4368 294,4368 294,4368 294,132 294,4368 294,4368 294,4368 294,7416 295,0464 295,0464 295,0464 295,0464 295,0464 295,0464 295,3512 295,3512 295,0464 294,7416 294,7416 294,4368 294,4368 294,132 293,8272 293,2176 292,9128 292,3032 291,6936 291,084 290,1696 289,2552 288,3408 287,7312 287,1216 286,512 286,3901 286,4206 285,9024
309,0672 309,0672 309,0672 309,0672 309,0672 308,7624 308,7624 308,4576 308,1528 307,5432 306,9336 305,7144 304,8 304,1904 303,5808 302,6664 302,0568 301,1424 300,5328 299,9232 299,0088 298,3992 297,7896 297,4848 296,8752 296,2656 295,9608 295,3512 295,3512 295,0464 295,0464 295,0464 295,0464 295,0464 295,3512 295,3512 295,656 295,656 295,656 295,656 295,656 295,656 295,656 295,656 295,656 295,3512 295,3512 295,0464 294,7416 294,4368 294,132 293,8272 293,2176 292,608 291,6936 290,7792 289,8648 288,6456 288,036 287,4264 286,8168 286,3291 286,2682 285,9024
309,372 309,6768 309,6768 309,9816 309,6768 309,6768 309,372 309,0672 308,7624 308,1528 307,2384 306,324 305,7144 305,1048 304,4952 303,5808 302,9712 302,0568 301,4472 300,5328 299,9232 299,3136 298,704 298,0944 297,7896 297,18 296,5704 296,2656 295,9608 295,9608 295,656 295,656 295,656 295,656 295,656 295,9608 295,9608 295,9608 295,9608 296,2656 296,2656 296,2656 296,2656 296,2656 295,9608 295,9608 295,9608 295,9608 295,656 295,3512 295,0464 294,7416 294,132 293,2176 292,608 291,6936 290,4744 289,2552 288,6456 287,7312 287,1216 286,512 286,2072 285,5976
309,6768 309,9816 310,2864 310,2864 310,2864 310,2864 309,9816 309,6768 309,0672 308,4576 307,5432 306,9336 306,0192 305,4096 305,1048 304,4952 303,5808 302,6664 301,752 301,1424 300,5328 300,228 299,6184 299,0088 298,3992 297,7896 297,4848 296,8752 296,8752 296,5704 296,2656 296,2656 296,2656 296,2656 296,2656 296,2656 296,2656 296,2656 296,2656 296,2656 296,2656 296,2656 296,2656 296,2656 296,2656 296,2656 296,2656 296,2656 296,2656 295,9608 295,9608 295,656 295,0464 294,132 293,5224 292,608 291,3888 290,4744 289,56 288,6456 287,7312 287,1216 286,512 285,9024
310,2864 310,2864 310,5912 310,896 310,5912 310,5912 310,2864 309,9816 309,372 308,7624 308,1528 307,2384 306,324 306,0192 305,4096 304,8 303,8856 302,6664 301,752 301,4472 301,1424 300,8376 300,228 299,6184 299,0088 298,3992 298,0944 297,7896 297,4848 297,18 296,8752 296,8752 296,8752 296,8752 296,8752 296,8752 296,8752 296,5704 296,5704 296,2656 296,2656 295,9608 295,9608 295,9608 296,2656 296,5704 296,5704 296,8752 296,8752 296,8752 296,5704 296,5704 295,9608 295,3512 294,4368 293,5224 292,608 291,3888 290,4744 289,56 288,6456 287,7312 286,8168 286,2072
310,5912 310,896 310,896 311,2008 310,896 310,896 310,5912 309,9816 309,6768 309,0672 308,4576 307,5432 306,6288 306,324 305,7144 305,4096 304,1904 302,9712 302,0568 301,4472 301,4472 301,4472 300,8376 300,228 299,6184 299,0088 298,704 298,0944 298,0944 297,7896 297,4848 297,4848 297,4848 297,4848 297,18 297,18 296,8752 296,8752 296,5704 296,2656 295,9608 295,9608 295,8084 295,9608 296,2656 296,5704 296,8752 297,18 297,18 297,4848 297,4848 297,4848 296,8752 296,2656 295,3512 294,4368 293,5224 292,608 291,3888 290,4744 289,2552 288,3408 287,4264 286,8168
310,5912 310,896 311,2008 311,2008 311,2008 310,896 310,5912 310,2864 309,6768 309,0672 308,4576 307,5432 306,6288 306,0192 305,7144 305,1048 303,8856 302,6664 301,752 301,4472 301,1424 300,8376 300,5328 299,9232 299,6184 299,0088 298,704 298,3992 298,0944 297,7896 297,7896 297,6372 297,5458 297,4848 297,4848 297,18 297,18 296,8752 296,5704 296,2656 295,9608 295,7779 295,7474 295,9608 296,2656 296,5704 296,8752 297,18 297,4848 297,7896 298,0944 298,3992 297,7896 297,18 296,2656 295,3512 294,4368 293,8272 292,608 291,3888 290,4744 289,56 288,3408 287,7312
310,896 310,896 311,2008 311,2313 311,2008 310,896 310,5912 310,2864 309,6768 309,0672 308,1528 307,2384 306,6288 305,7144 305,4096 304,4952 303,5808 302,3616 301,4472 300,8376 300,5328 300,228 299,9232 299,6184 299,3136 299,0088 298,3992 298,0944 298,0944 297,942 297,7896 297,7896 297,4848 297,4848 297,4848 297,18 296,8752 296,8752 296,5704 296,2656 295,9608 295,656 295,656 295,9608 296,2656 296,8752 297,18 297,4848 297,7896 298,0944 298,704 299,0088 298,704 297,7896 297,18 296,2656 295,656 294,7416 293,8272 292,608 291,3888 290,4744 289,56 288,6456
310,896 311,3532 311,2008 311,2008 311,2008 310,896 310,5912 310,2864 309,6768 308,7624 308,1528 307,2384 306,324 305,4096 304,8 303,8856 302,9712 302,0568 300,8376 300,5328 299,9232 299,6184 299,3136 299,3136 299,0088 298,704 298,0944 297,7896 297,7896 297,7896 297,7896 297,7896 297,4848 297,18 297,18 296,8752 296,5704 296,2656 296,2656 295,9608 295,656 295,3512 295,0464 295,3512 295,9608 296,5704 296,8752 297,18 297,4848 298,0944 299,0088 299,3136 299,0088 298,3992 297,4848 296,8752 296,2656 295,656 294,7416 293,5224 292,608 291,3888 290,4744 289,56
310,896 310,9265 310,896 311,2008 310,896 310,5912 310,2864 309,6768 309,0672 308,4576 307,848 306,9336 306,0192 305,1048 304,1904 303,276 302,3616 301,1424 300,228 299,6184 299,0088 298,704 298,3992 298,3992 298,0944 297,7896 297,18 296,8752 296,8752 296,8752 296,8752 296,8752 296,5704 296,5704 296,2656 295,656 295,3512 295,3512 295,0464 295,0464 294,4368 294,132 293,8272 294,132 294,4368 295,0464 295,3512 295,656 295,9608 296,8752 297,7896 298,3992 298,3992 297,7896 297,4848 297,18 296,5704 295,9608 295,0464 294,132 292,9128 291,9984 291,084 290,1696
