test_data/elevation.txt
ncols         180
nrows         180
xllcorner     0
yllcorner     0
cellsize      20
NODATA_value  -9999
[rows 112 to 139 of 180, columns 0 to 63 of 180]
327,1114 327,3552 328,2696 329,7936 331,0128 331,9272 333,1464 334,0608 334,9752 335,8896 336,804 336,804 337,1088 336,804 336,4992 336,1944 335,8896 335,28 334,6704 334,0608 333,756 333,756 333,4512 333,756 334,3656 334,6704 334,9752 335,5848 335,8896 336,1944 336,1944 335,8896 335,28 334,6704 333,756 332,5368 331,3176 330,0984 328,8792 327,66 326,4408 325,2216 324,3072 323,088 322,4784 321,8688 321,564 320,9544 320,3448 320,04 319,4304 319,1256 318,8208 318,2112 317,6016 316,992 316,6872 316,3824 316,0776 315,7728 315,1632 314,5536 314,2488 313,6392
327,1418 327,3552 328,2696 329,7936 331,0128 331,9272 333,1464 334,0608 334,9752 335,8896 336,4992 336,804 336,804 336,4992 336,1944 335,8896 335,5848 334,6704 334,0608 333,756 333,4512 333,1464 333,1464 333,4512 333,756 334,0608 334,6704 335,28 335,5848 335,5848 335,8896 335,5848 334,9752 334,3656 333,4512 332,5368 331,0128 329,7936 328,5744 327,3552 326,4408 325,2216 324,3072 323,3928 322,7832 322,1736 321,564 321,2592 320,6496 320,3448 319,7352 319,4304 318,8208 318,516 317,9064 317,2968 316,992 316,6872 316,3824 315,7728 315,468 314,8584 314,2488 313,944
327,2028 327,3552 328,2696 329,7936 331,0128 332,232 333,1464 334,0608 334,9752 335,8896 336,4992 336,4992 336,4992 336,1944 335,8896 335,5848 334,9752 334,3656 333,756 333,1464 332,8416 332,5368 332,5368 332,8416 333,1464 333,4512 334,0608 334,6704 334,9752 335,28 335,28 335,28 334,6704 334,0608 333,4512 332,232 331,0128 329,7936 328,5744 327,3552 326,136 325,2216 324,3072 323,3928 322,7832 322,1736 321,8688 321,2592 320,9544 320,3448 320,04 319,4304 319,1256 318,516 317,9064 317,6016 316,992 316,6872 316,3824 316,0776 315,468 315,1632 314,5536 313,944
327,2943 327,3552 328,2696 329,7936 331,0128 332,232 333,1464 334,3656 334,9752 335,8896 336,1944 336,1944 336,1944 335,8896 335,5848 334,9752 334,6704 334,0608 333,1464 332,5368 332,232 332,232 331,9272 332,232 332,5368 332,8416 333,4512 334,0608 334,3656 334,6704 334,6704 334,6704 334,3656 333,756 333,1464 331,9272 330,708 329,4888 328,2696 327,3552 326,136 325,2216 324,3072 323,3928 322,7832 322,4784 321,8688 321,564 320,9544 320,6496 320,3448 319,7352 319,1256 318,8208 318,2112 317,6016 317,2968 316,6872 316,3824 315,7728 315,468 315,1632 314,5536 313,944
327,3552 327,66 328,5744 329,7936 331,3176 332,232 333,4512 334,3656 334,9752 335,8896 336,1944 336,1944 335,8896 335,5848 335,28 334,6704 334,3656 333,756 332,8416 332,232 331,9272 331,6224 331,6224 331,6224 331,9272 332,232 332,5368 333,1464 333,4512 333,756 334,0608 334,0608 333,756 333,1464 332,5368 331,6224 330,4032 329,184 328,2696 327,0504 326,136 325,2216 324,3072 323,6976 323,088 322,4784 322,1736 321,8688 321,2592 320,9544 320,3448 320,04 319,4304 318,8208 318,2112 317,2968 316,992 316,3824 315,7728 315,468 315,1632 314,8584 314,2488 313,6392
327,66 327,66 328,8792 330,0984 331,3176 332,5368 333,4512 334,3656 335,28 335,5848 336,1944 336,1944 335,8896 335,5848 334,9752 334,3656 333,756 333,1464 332,5368 331,9272 331,6224 331,3176 331,0128 331,0128 331,3176 331,6224 331,9272 332,232 332,5368 332,8416 333,1464 333,1464 332,8416 332,5368 331,9272 331,0128 330,0984 329,184 327,9648 327,0504 326,136 325,2216 324,3072 323,6976 323,088 322,7832 322,4784 322,1736 321,564 321,2592 320,6496 320,3448 319,7352 318,8208 317,9064 317,2968 316,6872 316,0776 315,468 314,8584 314,5536 313,944 313,6392 313,0296
327,8124 327,9648 328,8792 330,4032 331,6224 332,5368 333,756 334,6704 335,28 335,5848 336,1944 335,8896 335,8896 335,5848 334,9752 334,0608 333,4512 332,8416 332,232 331,6224 331,3176 330,708 330,4032 330,4032 330,708 330,708 331,0128 331,3176 331,6224 331,9272 332,232 332,5368 332,232 331,6224 331,3176 330,4032 329,7936 328,8792 327,9648 327,0504 326,136 325,2216 324,612 323,6976 323,3928 323,088 322,7832 322,1736 321,8688 321,564 320,9544 320,3448 319,7352 318,8208 317,9064 316,992 316,0776 315,468 314,8584 314,2488 313,944 313,3344 313,0296 312,7248
327,66 327,66 328,8792 330,4032 331,6224 332,8416 333,756 334,6704 335,28 335,5848 336,1944 335,8896 335,5848 335,28 334,6704 333,756 333,1464 332,5368 331,9272 331,3176 330,708 330,4032 330,0984 330,0984 330,0984 330,0984 330,4032 330,708 331,0128 331,3176 331,6224 331,6224 331,6224 331,3176 330,708 330,0984 329,4888 328,5744 327,66 327,0504 326,136 325,5264 324,612 324,0024 323,6976 323,3928 322,7832 322,4784 322,1736 321,564 320,9544 320,3448 319,4304 318,516 317,6016 316,6872 315,7728 315,1632 314,2488 313,944 313,3344 312,7248 312,7248 312,42
327,3552 327,66 328,8792 330,4032 331,9272 332,8416 333,756 334,6704 335,28 335,8896 335,8896 335,8896 335,5848 334,9752 334,3656 333,756 332,8416 332,232 331,6224 331,0128 330,4032 329,7936 329,4888 329,4888 329,4888 329,4888 329,7936 330,0984 330,0984 330,4032 331,0128 331,3176 331,0128 330,708 330,4032 329,7936 328,8792 328,2696 327,66 326,7456 326,136 325,5264 324,9168 324,3072 323,6976 323,3928 323,088 322,4784 322,1736 321,564 320,9544 320,04 319,1256 318,2112 316,992 316,0776 315,1632 314,5536 313,944 313,3344 312,7248 312,42 312,1152 312,1152
327,0504 327,3552 328,5744 330,4032 331,9272 332,8416 333,756 334,6704 335,28 335,8896 335,8896 335,8896 335,28 334,9752 334,3656 333,4512 332,5368 331,9272 331,3176 330,708 330,0984 329,4888 328,8792 328,8792 328,8792 328,8792 329,184 329,184 329,4888 329,7936 330,0984 330,4032 330,4032 330,0984 329,7936 329,184 328,5744 327,9648 327,3552 326,7456 326,136 325,5264 324,9168 324,3072 324,0024 323,3928 323,088 322,7832 322,1736 321,564 320,6496 319,7352 318,8208 317,6016 316,6872 315,7728 314,8584 313,944 313,3344 312,7248 312,42 312,1152 311,8104 311,8104
326,4408 326,7456 328,2696 329,7936 331,3176 332,5368 333,4512 334,3656 334,9752 335,5848 335,8896 335,5848 335,28 334,9752 334,3656 333,4512 332,5368 331,9272 331,3176 330,708 330,0984 329,184 328,5744 328,5744 328,5744 328,5744 328,5744 328,5744 328,8792 328,8792 329,4888 329,7936 329,4888 329,184 329,184 328,5744 327,9648 327,3552 327,0504 326,4408 325,8312 325,2216 324,9168 324,3072 324,0024 323,6976 323,3928 322,7832 322,1736 321,2592 320,3448 319,4304 318,516 317,2968 316,3824 315,468 314,5536 313,6392 313,0296 312,7248 312,1152 311,8104 311,5056 311,5056
326,136 326,4408 327,66 329,184 330,4032 331,6224 332,8416 334,0608 334,6704 335,28 335,5848 335,5848 335,28 334,9752 334,3656 333,4512 332,8416 331,9272 331,3176 330,4032 329,7936 329,184 328,2696 328,2696 327,9648 327,9648 327,9648 327,9648 327,9648 328,2696 328,5744 328,5744 328,5744 328,2696 327,9648 327,66 327,3552 326,7456 326,4408 326,136 325,5264 325,2216 324,612 324,3072 324,0024 323,6976 323,3928 322,7832 321,8688 320,9544 320,04 319,1256 318,2112 317,2968 316,0776 315,1632 314,2488 313,6392 312,7248 312,42 311,2008 310,9874 311,5056 311,2008
325,2216 325,5264 326,7456 328,2696 329,7936 331,0128 332,232 333,4512 334,3656 334,9752 335,5848 335,5848 335,28 334,9752 334,3656 333,756 332,8416 331,9272 331,3176 330,4032 329,7936 328,8792 328,2696 327,9648 327,9648 327,66 327,66 327,3552 327,3552 327,3552 327,66 327,9648 327,66 327,3552 327,0504 326,7456 326,7456 326,4408 326,136 325,5264 325,2216 324,9168 324,612 324,3072 324,0024 323,6976 323,3928 322,4784 321,564 320,6496 319,7352 318,8208 317,9064 316,992 315,7728 314,8584 313,944 313,3344 312,7248 312,1152 310,957 310,9265 310,957 311,2008
323,6976 324,0024 325,2216 326,7456 328,5744 329,7936 331,3176 332,8416 333,756 334,6704 335,28 335,4324 335,28 334,9752 334,6704 333,756 333,1464 332,232 331,3176 330,708 329,7936 328,8792 328,2696 327,9648 327,66 327,3552 327,3552 327,0504 326,7456 326,7456 327,0504 327,0504 326,7456 326,7456 326,4408 326,136 325,8312 325,8312 325,5264 325,2216 324,9168 324,612 324,3072 324,0024 323,6976 323,3928 323,088 322,1736 321,2592 320,3448 319,4304 318,2112 317,2968 316,3824 315,468 314,5536 313,944 313,0296 312,42 312,1152 310,9265 310,896 311,2008 311,2008
321,8688 322,1736 323,6976 325,5264 327,0504 328,8792 330,4032 331,9272 333,1464 334,3656 335,28 335,28 335,28 335,28 334,6704 334,0608 333,1464 332,5368 331,6224 330,708 330,0984 329,184 328,5744 327,9648 327,66 327,3552 327,0504 326,7456 326,4408 326,4408 326,4408 326,4408 326,136 325,8312 325,5264 325,5264 325,2216 325,2216 324,9168 324,612 324,3072 324,0024 323,6976 323,3928 323,088 322,7832 322,4784 321,564 320,6496 319,7352 318,8208 317,9064 316,992 316,0776 315,1632 314,2488 313,6392 313,0296 312,42 311,8104 311,5056 311,2008 310,5912 310,5912
320,04 320,3448 321,8688 324,0024 325,8312 327,3552 329,184 330,708 332,232 333,756 334,6704 334,9752 334,9752 334,9752 334,6704 334,0608 333,4512 332,5368 331,9272 331,0128 330,0984 329,4888 328,5744 327,9648 327,66 327,0504 326,7456 326,136 325,8312 325,8312 325,8312 325,5264 325,2216 325,2216 324,9168 324,612 324,612 324,612 324,3072 324,0024 324,0024 323,6976 323,3928 323,088 322,4784 322,1736 321,8688 320,9544 320,04 319,4304 318,2112 317,2968 316,3824 315,468 314,5536 313,944 313,3344 312,7248 312,42 311,8104 311,2008 310,896 310,5912 310,2864
318,2112 318,516 320,3448 322,1736 324,3072 325,8312 327,66 329,4888 331,0128 332,5368 333,756 334,0608 334,3656 334,6704 334,3656 333,756 333,4512 332,8416 331,9272 331,3176 330,4032 329,4888 328,8792 328,2696 327,66 327,0504 326,4408 326,136 325,5264 325,2216 324,9168 324,9168 324,612 324,3072 324,0024 324,0024 324,0024 323,6976 323,6976 323,3928 323,088 322,7832 322,4784 322,1736 321,8688 321,2592 320,9544 320,04 319,4304 318,516 317,2968 316,3824 315,468 314,8584 313,944 313,3344 312,7248 312,42 311,8104 311,5056 310,896 310,5912 310,2864 309,9816
316,3824 316,6872 318,516 320,6496 322,7832 324,3072 326,136 327,66 329,4888 331,0128 332,5368 333,1464 333,756 334,0608 334,0608 333,756 333,4512 332,8416 332,232 331,6224 330,708 329,7936 328,8792 328,2696 327,66 327,0504 326,4408 325,8312 325,2216 324,9168 324,612 324,0024 323,6976 323,6976 323,3928 323,088 323,088 323,088 322,7832 322,4784 322,4784 322,1736 321,564 321,2592 320,9544 320,3448 320,04 319,1256 318,2112 317,2968 316,3824 315,468 314,8584 313,944 313,3344 312,7248 312,42 311,8104 311,5056 310,896 310,5912 310,2864 309,9816 309,6768
314,5536 315,1632 316,992 319,1256 321,2592 322,7832 324,612 326,136 327,9648 329,7936 331,3176 332,232 332,8416 333,4512 333,4512 333,4512 333,1464 332,8416 332,232 331,6224 331,0128 330,0984 329,184 328,5744 327,66 327,0504 326,4408 325,5264 324,9168 324,612 324,0024 323,3928 323,088 322,7832 322,4784 322,4784 322,4784 322,1736 321,8688 321,8688 321,564 321,2592 320,6496 320,3448 320,04 319,4304 319,1256 318,2112 317,2968 316,3824 315,7728 314,8584 313,944 313,3344 312,7248 312,1152 311,8104 311,2008 310,896 310,5912 310,2864 309,9816 309,6768 309,372
313,0296 313,3344 315,1632 317,6016 319,7352 321,564 323,3928 324,9168 326,7456 328,2696 330,0984 331,0128 331,9272 332,8416 332,8416 332,8416 332,8416 332,232 331,9272 331,3176 330,708 330,0984 329,4888 328,5744 327,66 327,0504 326,136 325,5264 324,612 324,3072 323,6976 323,088 322,7832 322,4784 322,1736 321,8688 321,564 321,564 321,2592 320,9544 320,6496 320,3448 320,04 319,4304 319,1256 318,516 318,2112 317,2968 316,6872 315,7728 315,1632 314,2488 313,6392 312,7248 312,1152 311,5056 311,2008 310,896 310,5912 309,9816 309,6768 309,372 309,0672 309,0672
311,2008 311,8104 313,6392 316,0776 318,516 320,3448 321,8688 323,6976 325,5264 327,0504 328,8792 330,0984 331,3176 331,9272 332,232 332,232 331,9272 331,6224 331,3176 331,0128 330,708 330,0984 329,4888 328,5744 327,66 326,7456 326,136 325,2216 324,612 324,0024 323,3928 322,7832 322,4784 322,1736 321,564 321,2592 320,9544 320,6496 320,3448 320,3448 320,04 319,4304 319,1256 318,516 318,2112 317,6016 317,2968 316,6872 315,7728 315,1632 314,5536 313,944 313,0296 312,42 311,5056 310,896 310,5912 310,2864 309,9816 309,6768 309,0672 308,7624 308,7624 308,7624
309,6768 310,2864 312,42 314,8584 317,2968 319,1256 320,6496 322,4784 324,3072 325,8312 327,66 328,8792 330,0984 331,0128 331,3176 331,3176 331,3176 331,0128 331,0128 330,708 330,4032 330,0984 329,4888 328,5744 327,66 326,7456 325,8312 325,2216 324,3072 323,6976 323,088 322,4784 322,1736 321,8688 321,2592 320,9544 320,3448 320,04 319,7352 319,4304 319,1256 318,8208 318,2112 317,6016 317,2968 316,6872 316,3824 315,7728 315,1632 314,5536 313,944 313,3344 312,7248 311,8104 311,2008 310,5912 310,2864 309,9816 309,6768 309,0672 308,7624 308,4576 308,4576 308,4576
308,4576 309,0672 311,2008 313,6392 316,0776 317,9064 319,7352 321,564 323,088 324,612 326,4408 327,66 328,8792 329,7936 330,0984 330,0984 330,4032 330,4032 330,0984 330,0984 329,7936 329,7936 329,184 328,5744 327,66 326,7456 325,8312 325,2216 324,3072 323,6976 323,088 322,4784 321,8688 321,564 320,9544 320,6496 320,04 319,7352 319,1256 318,8208 318,516 317,9064 317,2968 316,6872 316,3824 316,0776 315,468 315,1632 314,5536 313,944 313,3344 312,7248 312,42 311,5056 310,896 310,2864 309,9816 309,6768 309,372 308,7624 308,4576 308,1528 307,5432 307,2384
307,5432 307,848 309,9816 312,42 314,8584 316,6872 318,8208 320,6496 322,1736 323,6976 324,9168 326,136 327,3552 328,2696 328,5744 328,8792 329,184 329,4888 329,4888 329,4888 329,4888 329,184 328,8792 328,2696 327,3552 326,7456 326,136 325,2216 324,612 323,6976 323,088 322,4784 321,8688 321,2592 320,9544 320,3448 319,7352 319,1256 318,8208 318,2112 317,6016 316,992 316,6872 316,0776 315,468 315,1632 314,8584 314,2488 313,944 313,3344 312,7248 312,42 311,8104 311,2008 310,5912 309,9816 309,6768 309,372 308,7624 308,4576 308,1528 307,848 306,9336 306,0192
306,0192 306,6288 308,7624 311,2008 313,6392 315,7728 317,6016 319,4304 320,9544 322,4784 323,6976 324,9168 325,8312 326,7456 327,3552 327,66 328,2696 328,5744 328,8792 328,8792 328,8792 328,5744 328,2696 327,9648 327,3552 326,7456 325,8312 325,2216 324,3072 323,6976 322,7832 322,1736 321,564 321,2592 320,6496 320,04 319,4304 318,8208 318,2112 317,6016 316,992 316,6872 316,0776 315,468 314,8584 314,5536 314,2488 313,6392 313,3344 312,7248 312,42 312,1152 311,5056 310,896 310,2864 309,6768 309,372 309,0672 308,7624 308,1528 308,1528 307,5432 306,324 304,8
304,4952 305,1048 307,2384 309,9816 312,42 314,5536 316,3824 318,2112 319,7352 321,2592 322,7832 323,6976 324,612 325,2216 325,8312 326,4408 327,0504 327,3552 327,66 327,9648 327,9648 327,9648 327,66 327,3552 326,7456 326,136 325,5264 324,9168 324,0024 323,3928 322,7832 321,8688 321,564 320,9544 320,3448 320,04 319,4304 318,8208 318,2112 317,6016 316,992 316,6872 316,0776 315,468 314,8584 314,2488 313,944 313,3344 313,0296 312,42 312,1152 311,8104 311,2008 310,5912 309,9816 309,6768 309,372 308,7624 308,4576 308,1528 307,5432 306,9336 305,4096 303,8856
302,3616 302,9712 305,7144 308,7624 311,5056 313,6392 315,1632 316,992 318,516 320,3448 321,8688 322,7832 323,3928 324,0024 324,612 325,2216 325,8312 326,136 326,7456 327,0504 327,0504 327,0504 327,0504 326,4408 326,136 325,8312 325,2216 324,3072 323,6976 323,088 322,4784 321,8688 321,2592 320,6496 320,3448 319,7352 319,4304 319,1256 318,516 317,9064 317,2968 316,6872 316,0776 315,468 314,8584 314,2488 313,6392 313,3344 312,7248 312,42 311,8104 311,5056 310,896 310,5912 309,9816 309,6768 309,0672 309,0672 308,4576 307,848 307,2384 306,324 304,4952 302,6664
300,5328 301,1424 303,8856 307,2384 309,9816 312,1152 313,6392 315,468 317,2968 319,1256 320,6496 321,564 322,1736 322,7832 323,3928 324,0024 324,612 325,2216 325,5264 326,136 326,136 326,136 326,136 325,8312 325,5264 325,2216 324,612 324,0024 323,088 322,4784 322,1736 321,564 320,9544 320,6496 320,04 319,7352 319,4304 319,1256 318,516 317,9064 317,2968 316,992 316,3824 315,7728 315,1632 314,2488 313,6392 313,0296 312,7248 312,1152 311,8104 311,2008 310,896 310,2864 309,9816 309,372 309,0672 308,7624 308,4576 307,5432 306,6288 305,4096 303,5808 301,752
